LANGUAGE,GEN_0,GEN_1,SET
frankenlanguage100.csv_185,1.0,1.0,185
frankenlanguage102.csv_185,0.09090909090909091,1.0,185
frankenlanguage104.csv_185,1.0,1.0,185
frankenlanguage105.csv_185,0.09090909090909091,1.0,185
frankenlanguage106.csv_185,1.0,1.0,185
frankenlanguage107.csv_185,1.0,1.0,185
frankenlanguage108.csv_185,1.0,1.0,185
frankenlanguage109.csv_185,0.09090909090909091,1.0,185
frankenlanguage11.csv_185,1.0,1.0,185
frankenlanguage110.csv_185,0.09090909090909091,1.0,185
frankenlanguage111.csv_185,0.5833333333333334,1.0,185
frankenlanguage112.csv_185,0.13636363636363635,1.0,185
frankenlanguage114.csv_185,0.09090909090909091,1.0,185
frankenlanguage115.csv_185,1.0,1.0,185
frankenlanguage116.csv_185,0.09090909090909091,1.0,185
frankenlanguage118.csv_185,1.0,1.0,185
frankenlanguage12.csv_185,0.045454545454545456,1.0,185
frankenlanguage120.csv_185,0.5833333333333334,1.0,185
frankenlanguage122.csv_185,0.5833333333333334,1.0,185
frankenlanguage123.csv_185,0.09090909090909091,1.0,185
frankenlanguage124.csv_185,0.09090909090909091,1.0,185
frankenlanguage125.csv_185,1.0,1.0,185
frankenlanguage126.csv_185,1.0,1.0,185
frankenlanguage127.csv_185,0.09090909090909091,0.5,185
frankenlanguage128.csv_185,0.0,1.0,185
frankenlanguage13.csv_185,1.0,1.0,185
frankenlanguage131.csv_185,0.045454545454545456,1.0,185
frankenlanguage132.csv_185,0.09090909090909091,1.0,185
frankenlanguage134.csv_185,1.0,1.0,185
frankenlanguage135.csv_185,0.5833333333333334,0.5,185
frankenlanguage136.csv_185,0.9545454545454546,1.0,185
frankenlanguage138.csv_185,0.09090909090909091,1.0,185
frankenlanguage139.csv_185,0.9545454545454546,1.0,185
frankenlanguage140.csv_185,0.2857142857142857,1.0,185
frankenlanguage141.csv_185,0.2857142857142857,1.0,185
frankenlanguage142.csv_185,0.09090909090909091,1.0,185
frankenlanguage143.csv_185,0.09090909090909091,1.0,185
frankenlanguage145.csv_185,1.0,1.0,185
frankenlanguage147.csv_185,0.09090909090909091,1.0,185
frankenlanguage149.csv_185,0.09090909090909091,1.0,185
frankenlanguage150.csv_185,1.0,1.0,185
frankenlanguage151.csv_185,1.0,1.0,185
frankenlanguage152.csv_185,1.0,1.0,185
frankenlanguage153.csv_185,0.09090909090909091,1.0,185
frankenlanguage156.csv_185,0.2857142857142857,1.0,185
frankenlanguage159.csv_185,0.045454545454545456,1.0,185
frankenlanguage16.csv_185,0.2857142857142857,1.0,185
frankenlanguage160.csv_185,1.0,1.0,185
frankenlanguage161.csv_185,0.13636363636363635,1.0,185
frankenlanguage162.csv_185,0.2857142857142857,1.0,185
frankenlanguage164.csv_185,1.0,1.0,185
frankenlanguage166.csv_185,1.0,1.0,185
frankenlanguage167.csv_185,0.13636363636363635,1.0,185
frankenlanguage168.csv_185,0.09090909090909091,1.0,185
frankenlanguage169.csv_185,0.09090909090909091,1.0,185
frankenlanguage17.csv_185,1.0,1.0,185
frankenlanguage170.csv_185,0.0,1.0,185
frankenlanguage172.csv_185,0.09090909090909091,1.0,185
frankenlanguage173.csv_185,0.13636363636363635,1.0,185
frankenlanguage175.csv_185,0.09090909090909091,1.0,185
frankenlanguage177.csv_185,1.0,1.0,185
frankenlanguage179.csv_185,1.0,1.0,185
frankenlanguage18.csv_185,0.5,1.0,185
frankenlanguage180.csv_185,0.0,1.0,185
frankenlanguage182.csv_185,0.09090909090909091,1.0,185
frankenlanguage184.csv_185,1.0,0.5,185
frankenlanguage185.csv_185,1.0,0.5,185
frankenlanguage186.csv_185,0.045454545454545456,1.0,185
frankenlanguage187.csv_185,0.09090909090909091,1.0,185
frankenlanguage188.csv_185,0.09090909090909091,1.0,185
frankenlanguage189.csv_185,0.045454545454545456,1.0,185
frankenlanguage19.csv_185,0.5,1.0,185
frankenlanguage190.csv_185,0.0,1.0,185
frankenlanguage191.csv_185,0.9545454545454546,1.0,185
frankenlanguage192.csv_185,0.5,1.0,185
frankenlanguage193.csv_185,0.09090909090909091,1.0,185
frankenlanguage194.csv_185,1.0,1.0,185
frankenlanguage195.csv_185,0.09090909090909091,1.0,185
frankenlanguage196.csv_185,1.0,1.0,185
frankenlanguage199.csv_185,1.0,1.0,185
frankenlanguage20.csv_185,0.09090909090909091,1.0,185
frankenlanguage200.csv_185,0.09090909090909091,1.0,185
frankenlanguage202.csv_185,0.09090909090909091,0.5,185
frankenlanguage203.csv_185,0.09090909090909091,1.0,185
frankenlanguage204.csv_185,1.0,1.0,185
frankenlanguage205.csv_185,0.045454545454545456,0.5,185
frankenlanguage206.csv_185,1.0,1.0,185
frankenlanguage207.csv_185,0.09090909090909091,1.0,185
frankenlanguage209.csv_185,0.9545454545454546,1.0,185
frankenlanguage21.csv_185,0.09090909090909091,1.0,185
frankenlanguage210.csv_185,1.0,1.0,185
frankenlanguage211.csv_185,0.09090909090909091,1.0,185
frankenlanguage213.csv_185,0.5833333333333334,1.0,185
frankenlanguage214.csv_185,0.5,1.0,185
frankenlanguage215.csv_185,0.09090909090909091,1.0,185
frankenlanguage216.csv_185,0.13636363636363635,1.0,185
frankenlanguage217.csv_185,0.13636363636363635,1.0,185
frankenlanguage218.csv_185,0.5833333333333334,1.0,185
frankenlanguage219.csv_185,0.09090909090909091,1.0,185
frankenlanguage22.csv_185,0.5833333333333334,1.0,185
frankenlanguage221.csv_185,1.0,1.0,185
frankenlanguage222.csv_185,1.0,1.0,185
frankenlanguage223.csv_185,0.09090909090909091,1.0,185
frankenlanguage224.csv_185,0.5833333333333334,1.0,185
frankenlanguage225.csv_185,0.13636363636363635,1.0,185
frankenlanguage226.csv_185,0.09090909090909091,1.0,185
frankenlanguage227.csv_185,0.09090909090909091,1.0,185
frankenlanguage228.csv_185,1.0,1.0,185
frankenlanguage229.csv_185,0.09090909090909091,1.0,185
frankenlanguage23.csv_185,1.0,1.0,185
frankenlanguage232.csv_185,1.0,1.0,185
frankenlanguage233.csv_185,0.09090909090909091,1.0,185
frankenlanguage234.csv_185,0.2857142857142857,1.0,185
frankenlanguage236.csv_185,0.09090909090909091,1.0,185
frankenlanguage237.csv_185,0.5,0.5,185
frankenlanguage238.csv_185,1.0,1.0,185
frankenlanguage239.csv_185,0.13636363636363635,1.0,185
frankenlanguage24.csv_185,0.045454545454545456,1.0,185
frankenlanguage241.csv_185,1.0,1.0,185
frankenlanguage242.csv_185,0.13636363636363635,1.0,185
frankenlanguage243.csv_185,1.0,1.0,185
frankenlanguage244.csv_185,0.13636363636363635,1.0,185
frankenlanguage245.csv_185,0.09090909090909091,1.0,185
frankenlanguage246.csv_185,0.5833333333333334,0.5,185
frankenlanguage247.csv_185,0.09090909090909091,1.0,185
frankenlanguage249.csv_185,0.09090909090909091,1.0,185
frankenlanguage250.csv_185,1.0,1.0,185
frankenlanguage252.csv_185,0.09090909090909091,1.0,185
frankenlanguage253.csv_185,0.09090909090909091,1.0,185
frankenlanguage254.csv_185,1.0,1.0,185
frankenlanguage255.csv_185,0.0,1.0,185
frankenlanguage256.csv_185,1.0,1.0,185
frankenlanguage257.csv_185,0.09090909090909091,1.0,185
frankenlanguage259.csv_185,0.09090909090909091,1.0,185
frankenlanguage26.csv_185,1.0,1.0,185
frankenlanguage261.csv_185,1.0,1.0,185
frankenlanguage262.csv_185,0.9545454545454546,1.0,185
frankenlanguage263.csv_185,1.0,1.0,185
frankenlanguage265.csv_185,0.09090909090909091,1.0,185
frankenlanguage267.csv_185,0.09090909090909091,1.0,185
frankenlanguage268.csv_185,0.045454545454545456,1.0,185
frankenlanguage269.csv_185,0.5833333333333334,1.0,185
frankenlanguage270.csv_185,1.0,1.0,185
frankenlanguage271.csv_185,1.0,1.0,185
frankenlanguage273.csv_185,0.13636363636363635,1.0,185
frankenlanguage275.csv_185,0.0,1.0,185
frankenlanguage276.csv_185,1.0,1.0,185
frankenlanguage277.csv_185,1.0,1.0,185
frankenlanguage279.csv_185,1.0,1.0,185
frankenlanguage28.csv_185,1.0,1.0,185
frankenlanguage280.csv_185,1.0,1.0,185
frankenlanguage281.csv_185,1.0,1.0,185
frankenlanguage282.csv_185,0.13636363636363635,1.0,185
frankenlanguage283.csv_185,1.0,1.0,185
frankenlanguage284.csv_185,0.2857142857142857,1.0,185
frankenlanguage286.csv_185,0.09090909090909091,1.0,185
frankenlanguage288.csv_185,0.2857142857142857,1.0,185
frankenlanguage289.csv_185,0.9545454545454546,0.5,185
frankenlanguage29.csv_185,0.09090909090909091,1.0,185
frankenlanguage290.csv_185,0.09090909090909091,1.0,185
frankenlanguage292.csv_185,0.13636363636363635,1.0,185
frankenlanguage293.csv_185,0.09090909090909091,1.0,185
frankenlanguage294.csv_185,1.0,1.0,185
frankenlanguage295.csv_185,0.09090909090909091,1.0,185
frankenlanguage296.csv_185,0.09090909090909091,1.0,185
frankenlanguage297.csv_185,0.2857142857142857,1.0,185
frankenlanguage298.csv_185,0.5833333333333334,1.0,185
frankenlanguage299.csv_185,0.0,1.0,185
frankenlanguage30.csv_185,0.09090909090909091,1.0,185
frankenlanguage300.csv_185,1.0,1.0,185
frankenlanguage301.csv_185,0.5833333333333334,1.0,185
frankenlanguage302.csv_185,1.0,1.0,185
frankenlanguage303.csv_185,0.2857142857142857,1.0,185
frankenlanguage305.csv_185,0.5,1.0,185
frankenlanguage306.csv_185,0.2857142857142857,1.0,185
frankenlanguage31.csv_185,1.0,1.0,185
frankenlanguage310.csv_185,1.0,1.0,185
frankenlanguage311.csv_185,0.09090909090909091,1.0,185
frankenlanguage312.csv_185,0.045454545454545456,1.0,185
frankenlanguage313.csv_185,1.0,1.0,185
frankenlanguage314.csv_185,1.0,1.0,185
frankenlanguage315.csv_185,0.045454545454545456,1.0,185
frankenlanguage317.csv_185,0.09090909090909091,1.0,185
frankenlanguage32.csv_185,0.045454545454545456,1.0,185
frankenlanguage321.csv_185,1.0,1.0,185
frankenlanguage326.csv_185,0.5833333333333334,1.0,185
frankenlanguage327.csv_185,0.09090909090909091,1.0,185
frankenlanguage328.csv_185,1.0,1.0,185
frankenlanguage33.csv_185,0.09090909090909091,1.0,185
frankenlanguage330.csv_185,1.0,1.0,185
frankenlanguage332.csv_185,0.5,1.0,185
frankenlanguage333.csv_185,1.0,1.0,185
frankenlanguage334.csv_185,0.09090909090909091,1.0,185
frankenlanguage335.csv_185,1.0,1.0,185
frankenlanguage336.csv_185,0.09090909090909091,1.0,185
frankenlanguage337.csv_185,0.9545454545454546,1.0,185
frankenlanguage338.csv_185,1.0,1.0,185
frankenlanguage34.csv_185,0.09090909090909091,1.0,185
frankenlanguage341.csv_185,0.09090909090909091,1.0,185
frankenlanguage342.csv_185,1.0,1.0,185
frankenlanguage343.csv_185,0.09090909090909091,1.0,185
frankenlanguage344.csv_185,1.0,1.0,185
frankenlanguage345.csv_185,0.09090909090909091,1.0,185
frankenlanguage346.csv_185,1.0,1.0,185
frankenlanguage347.csv_185,0.09090909090909091,1.0,185
frankenlanguage348.csv_185,1.0,1.0,185
frankenlanguage35.csv_185,0.09090909090909091,1.0,185
frankenlanguage350.csv_185,0.9545454545454546,1.0,185
frankenlanguage351.csv_185,0.9545454545454546,1.0,185
frankenlanguage353.csv_185,0.5,1.0,185
frankenlanguage354.csv_185,0.045454545454545456,1.0,185
frankenlanguage355.csv_185,0.045454545454545456,1.0,185
frankenlanguage356.csv_185,0.09090909090909091,1.0,185
frankenlanguage357.csv_185,0.09090909090909091,1.0,185
frankenlanguage359.csv_185,1.0,1.0,185
frankenlanguage36.csv_185,0.09090909090909091,0.5,185
frankenlanguage360.csv_185,0.13636363636363635,1.0,185
frankenlanguage361.csv_185,1.0,1.0,185
frankenlanguage363.csv_185,0.09090909090909091,1.0,185
frankenlanguage364.csv_185,1.0,1.0,185
frankenlanguage366.csv_185,0.09090909090909091,1.0,185
frankenlanguage368.csv_185,0.0,1.0,185
frankenlanguage369.csv_185,0.0,1.0,185
frankenlanguage37.csv_185,0.09090909090909091,1.0,185
frankenlanguage370.csv_185,1.0,1.0,185
frankenlanguage371.csv_185,1.0,1.0,185
frankenlanguage372.csv_185,0.09090909090909091,1.0,185
frankenlanguage373.csv_185,0.2857142857142857,1.0,185
frankenlanguage374.csv_185,0.5,1.0,185
frankenlanguage375.csv_185,0.09090909090909091,0.5,185
frankenlanguage376.csv_185,0.09090909090909091,1.0,185
frankenlanguage377.csv_185,1.0,1.0,185
frankenlanguage378.csv_185,0.2857142857142857,1.0,185
frankenlanguage379.csv_185,1.0,0.5,185
frankenlanguage38.csv_185,1.0,1.0,185
frankenlanguage380.csv_185,0.09090909090909091,0.5,185
frankenlanguage382.csv_185,0.9545454545454546,1.0,185
frankenlanguage383.csv_185,0.2857142857142857,1.0,185
frankenlanguage385.csv_185,1.0,1.0,185
frankenlanguage386.csv_185,0.09090909090909091,1.0,185
frankenlanguage389.csv_185,1.0,1.0,185
frankenlanguage39.csv_185,0.5833333333333334,1.0,185
frankenlanguage390.csv_185,0.5,1.0,185
frankenlanguage391.csv_185,1.0,1.0,185
frankenlanguage392.csv_185,0.09090909090909091,1.0,185
frankenlanguage393.csv_185,0.09090909090909091,1.0,185
frankenlanguage394.csv_185,1.0,1.0,185
frankenlanguage397.csv_185,1.0,1.0,185
frankenlanguage398.csv_185,1.0,1.0,185
frankenlanguage399.csv_185,0.09090909090909091,1.0,185
frankenlanguage4.csv_185,0.09090909090909091,1.0,185
frankenlanguage40.csv_185,0.9545454545454546,1.0,185
frankenlanguage400.csv_185,0.09090909090909091,1.0,185
frankenlanguage401.csv_185,0.09090909090909091,1.0,185
frankenlanguage402.csv_185,0.09090909090909091,1.0,185
frankenlanguage403.csv_185,0.9545454545454546,1.0,185
frankenlanguage404.csv_185,0.09090909090909091,1.0,185
frankenlanguage405.csv_185,0.09090909090909091,1.0,185
frankenlanguage406.csv_185,0.09090909090909091,1.0,185
frankenlanguage407.csv_185,0.09090909090909091,1.0,185
frankenlanguage408.csv_185,0.09090909090909091,1.0,185
frankenlanguage409.csv_185,1.0,1.0,185
frankenlanguage41.csv_185,0.09090909090909091,1.0,185
frankenlanguage410.csv_185,0.09090909090909091,1.0,185
frankenlanguage412.csv_185,0.045454545454545456,0.5,185
frankenlanguage413.csv_185,0.5833333333333334,1.0,185
frankenlanguage414.csv_185,0.09090909090909091,1.0,185
frankenlanguage416.csv_185,0.09090909090909091,1.0,185
frankenlanguage417.csv_185,0.9545454545454546,1.0,185
frankenlanguage418.csv_185,1.0,1.0,185
frankenlanguage419.csv_185,0.09090909090909091,1.0,185
frankenlanguage42.csv_185,0.09090909090909091,1.0,185
frankenlanguage420.csv_185,1.0,1.0,185
frankenlanguage421.csv_185,0.09090909090909091,1.0,185
frankenlanguage422.csv_185,1.0,1.0,185
frankenlanguage423.csv_185,0.9545454545454546,1.0,185
frankenlanguage424.csv_185,0.09090909090909091,1.0,185
frankenlanguage425.csv_185,0.9545454545454546,1.0,185
frankenlanguage426.csv_185,0.9545454545454546,1.0,185
frankenlanguage428.csv_185,0.09090909090909091,1.0,185
frankenlanguage429.csv_185,0.9545454545454546,1.0,185
frankenlanguage43.csv_185,1.0,1.0,185
frankenlanguage431.csv_185,1.0,1.0,185
frankenlanguage432.csv_185,0.13636363636363635,1.0,185
frankenlanguage433.csv_185,0.09090909090909091,1.0,185
frankenlanguage434.csv_185,1.0,1.0,185
frankenlanguage435.csv_185,1.0,1.0,185
frankenlanguage436.csv_185,1.0,1.0,185
frankenlanguage437.csv_185,1.0,1.0,185
frankenlanguage439.csv_185,0.09090909090909091,1.0,185
frankenlanguage44.csv_185,0.09090909090909091,1.0,185
frankenlanguage440.csv_185,1.0,1.0,185
frankenlanguage441.csv_185,1.0,1.0,185
frankenlanguage442.csv_185,0.9545454545454546,1.0,185
frankenlanguage444.csv_185,1.0,0.5,185
frankenlanguage445.csv_185,1.0,1.0,185
frankenlanguage446.csv_185,0.13636363636363635,1.0,185
frankenlanguage447.csv_185,0.09090909090909091,1.0,185
frankenlanguage448.csv_185,0.13636363636363635,1.0,185
frankenlanguage449.csv_185,1.0,0.5,185
frankenlanguage45.csv_185,0.13636363636363635,1.0,185
frankenlanguage450.csv_185,0.09090909090909091,1.0,185
frankenlanguage452.csv_185,0.09090909090909091,1.0,185
frankenlanguage453.csv_185,0.13636363636363635,1.0,185
frankenlanguage454.csv_185,1.0,1.0,185
frankenlanguage456.csv_185,0.09090909090909091,1.0,185
frankenlanguage457.csv_185,0.0,1.0,185
frankenlanguage458.csv_185,1.0,1.0,185
frankenlanguage459.csv_185,0.045454545454545456,1.0,185
frankenlanguage46.csv_185,0.09090909090909091,1.0,185
frankenlanguage460.csv_185,0.09090909090909091,1.0,185
frankenlanguage461.csv_185,0.2857142857142857,0.5,185
frankenlanguage462.csv_185,1.0,1.0,185
frankenlanguage464.csv_185,1.0,1.0,185
frankenlanguage465.csv_185,0.09090909090909091,1.0,185
frankenlanguage467.csv_185,0.045454545454545456,1.0,185
frankenlanguage468.csv_185,0.045454545454545456,1.0,185
frankenlanguage469.csv_185,1.0,1.0,185
frankenlanguage470.csv_185,1.0,1.0,185
frankenlanguage471.csv_185,0.5833333333333334,1.0,185
frankenlanguage472.csv_185,1.0,1.0,185
frankenlanguage474.csv_185,0.2857142857142857,1.0,185
frankenlanguage475.csv_185,0.5,1.0,185
frankenlanguage476.csv_185,0.0,1.0,185
frankenlanguage477.csv_185,1.0,1.0,185
frankenlanguage478.csv_185,0.0,1.0,185
frankenlanguage479.csv_185,0.09090909090909091,1.0,185
frankenlanguage48.csv_185,1.0,1.0,185
frankenlanguage480.csv_185,0.09090909090909091,1.0,185
frankenlanguage481.csv_185,1.0,1.0,185
frankenlanguage482.csv_185,0.045454545454545456,1.0,185
frankenlanguage484.csv_185,0.5,1.0,185
frankenlanguage486.csv_185,0.0,1.0,185
frankenlanguage487.csv_185,0.09090909090909091,1.0,185
frankenlanguage488.csv_185,1.0,0.5,185
frankenlanguage490.csv_185,1.0,1.0,185
frankenlanguage491.csv_185,0.09090909090909091,1.0,185
frankenlanguage493.csv_185,1.0,1.0,185
frankenlanguage494.csv_185,1.0,1.0,185
frankenlanguage495.csv_185,0.0,1.0,185
frankenlanguage496.csv_185,0.0,1.0,185
frankenlanguage497.csv_185,1.0,1.0,185
frankenlanguage498.csv_185,0.5833333333333334,1.0,185
frankenlanguage499.csv_185,1.0,1.0,185
frankenlanguage5.csv_185,0.09090909090909091,1.0,185
frankenlanguage50.csv_185,1.0,1.0,185
frankenlanguage500.csv_185,0.09090909090909091,1.0,185
frankenlanguage501.csv_185,0.5,1.0,185
frankenlanguage502.csv_185,0.9545454545454546,1.0,185
frankenlanguage503.csv_185,1.0,1.0,185
frankenlanguage504.csv_185,0.13636363636363635,1.0,185
frankenlanguage505.csv_185,0.13636363636363635,1.0,185
frankenlanguage506.csv_185,1.0,1.0,185
frankenlanguage507.csv_185,0.0,1.0,185
frankenlanguage508.csv_185,0.13636363636363635,0.5,185
frankenlanguage51.csv_185,0.09090909090909091,1.0,185
frankenlanguage510.csv_185,1.0,1.0,185
frankenlanguage511.csv_185,0.9545454545454546,1.0,185
frankenlanguage512.csv_185,0.2857142857142857,1.0,185
frankenlanguage513.csv_185,0.09090909090909091,1.0,185
frankenlanguage514.csv_185,1.0,1.0,185
frankenlanguage515.csv_185,0.2857142857142857,1.0,185
frankenlanguage516.csv_185,1.0,1.0,185
frankenlanguage517.csv_185,0.5833333333333334,1.0,185
frankenlanguage518.csv_185,0.5833333333333334,1.0,185
frankenlanguage519.csv_185,0.045454545454545456,1.0,185
frankenlanguage52.csv_185,0.9545454545454546,1.0,185
frankenlanguage520.csv_185,1.0,1.0,185
frankenlanguage521.csv_185,1.0,1.0,185
frankenlanguage523.csv_185,0.13636363636363635,1.0,185
frankenlanguage524.csv_185,0.09090909090909091,0.5,185
frankenlanguage525.csv_185,0.045454545454545456,0.5,185
frankenlanguage526.csv_185,0.09090909090909091,1.0,185
frankenlanguage527.csv_185,0.2857142857142857,1.0,185
frankenlanguage528.csv_185,1.0,1.0,185
frankenlanguage529.csv_185,1.0,1.0,185
frankenlanguage53.csv_185,1.0,1.0,185
frankenlanguage530.csv_185,1.0,1.0,185
frankenlanguage531.csv_185,1.0,1.0,185
frankenlanguage532.csv_185,0.09090909090909091,1.0,185
frankenlanguage533.csv_185,0.09090909090909091,1.0,185
frankenlanguage534.csv_185,0.09090909090909091,1.0,185
frankenlanguage535.csv_185,0.09090909090909091,1.0,185
frankenlanguage536.csv_185,0.09090909090909091,1.0,185
frankenlanguage537.csv_185,0.09090909090909091,1.0,185
frankenlanguage538.csv_185,0.0,1.0,185
frankenlanguage539.csv_185,0.5,1.0,185
frankenlanguage54.csv_185,0.09090909090909091,1.0,185
frankenlanguage540.csv_185,1.0,1.0,185
frankenlanguage542.csv_185,0.045454545454545456,1.0,185
frankenlanguage543.csv_185,0.5833333333333334,1.0,185
frankenlanguage544.csv_185,0.2857142857142857,1.0,185
frankenlanguage545.csv_185,0.9545454545454546,1.0,185
frankenlanguage546.csv_185,0.0,0.5,185
frankenlanguage547.csv_185,1.0,1.0,185
frankenlanguage548.csv_185,0.9545454545454546,1.0,185
frankenlanguage55.csv_185,0.0,1.0,185
frankenlanguage550.csv_185,0.09090909090909091,1.0,185
frankenlanguage552.csv_185,0.045454545454545456,1.0,185
frankenlanguage554.csv_185,0.2857142857142857,1.0,185
frankenlanguage555.csv_185,0.045454545454545456,1.0,185
frankenlanguage556.csv_185,0.09090909090909091,1.0,185
frankenlanguage557.csv_185,0.13636363636363635,1.0,185
frankenlanguage558.csv_185,1.0,1.0,185
frankenlanguage559.csv_185,1.0,1.0,185
frankenlanguage561.csv_185,1.0,1.0,185
frankenlanguage562.csv_185,1.0,1.0,185
frankenlanguage564.csv_185,0.09090909090909091,1.0,185
frankenlanguage565.csv_185,0.09090909090909091,1.0,185
frankenlanguage566.csv_185,0.13636363636363635,1.0,185
frankenlanguage567.csv_185,1.0,1.0,185
frankenlanguage568.csv_185,1.0,1.0,185
frankenlanguage57.csv_185,0.09090909090909091,1.0,185
frankenlanguage570.csv_185,0.9545454545454546,1.0,185
frankenlanguage571.csv_185,0.13636363636363635,1.0,185
frankenlanguage572.csv_185,1.0,1.0,185
frankenlanguage575.csv_185,0.045454545454545456,1.0,185
frankenlanguage576.csv_185,1.0,1.0,185
frankenlanguage578.csv_185,1.0,1.0,185
frankenlanguage579.csv_185,1.0,1.0,185
frankenlanguage58.csv_185,0.5833333333333334,1.0,185
frankenlanguage580.csv_185,1.0,1.0,185
frankenlanguage581.csv_185,1.0,1.0,185
frankenlanguage582.csv_185,0.5,1.0,185
frankenlanguage584.csv_185,0.0,1.0,185
frankenlanguage585.csv_185,1.0,1.0,185
frankenlanguage587.csv_185,0.0,1.0,185
frankenlanguage588.csv_185,0.5833333333333334,1.0,185
frankenlanguage589.csv_185,0.09090909090909091,1.0,185
frankenlanguage591.csv_185,0.0,1.0,185
frankenlanguage592.csv_185,0.5833333333333334,1.0,185
frankenlanguage593.csv_185,1.0,1.0,185
frankenlanguage594.csv_185,0.5833333333333334,1.0,185
frankenlanguage595.csv_185,0.09090909090909091,1.0,185
frankenlanguage596.csv_185,1.0,1.0,185
frankenlanguage597.csv_185,0.5833333333333334,1.0,185
frankenlanguage599.csv_185,1.0,1.0,185
frankenlanguage6.csv_185,1.0,1.0,185
frankenlanguage600.csv_185,0.045454545454545456,0.5,185
frankenlanguage601.csv_185,0.5833333333333334,0.5,185
frankenlanguage602.csv_185,1.0,1.0,185
frankenlanguage603.csv_185,0.13636363636363635,1.0,185
frankenlanguage604.csv_185,0.2857142857142857,1.0,185
frankenlanguage606.csv_185,0.09090909090909091,1.0,185
frankenlanguage607.csv_185,1.0,1.0,185
frankenlanguage608.csv_185,0.5,1.0,185
frankenlanguage61.csv_185,0.9545454545454546,1.0,185
frankenlanguage610.csv_185,0.5,1.0,185
frankenlanguage612.csv_185,1.0,1.0,185
frankenlanguage613.csv_185,1.0,1.0,185
frankenlanguage614.csv_185,0.13636363636363635,1.0,185
frankenlanguage615.csv_185,1.0,1.0,185
frankenlanguage616.csv_185,0.5,1.0,185
frankenlanguage617.csv_185,0.0,1.0,185
frankenlanguage618.csv_185,0.2857142857142857,1.0,185
frankenlanguage619.csv_185,1.0,1.0,185
frankenlanguage62.csv_185,0.13636363636363635,1.0,185
frankenlanguage620.csv_185,0.13636363636363635,1.0,185
frankenlanguage621.csv_185,1.0,1.0,185
frankenlanguage622.csv_185,0.5833333333333334,1.0,185
frankenlanguage623.csv_185,0.5,1.0,185
frankenlanguage624.csv_185,0.09090909090909091,1.0,185
frankenlanguage625.csv_185,0.2857142857142857,1.0,185
frankenlanguage626.csv_185,1.0,1.0,185
frankenlanguage627.csv_185,0.09090909090909091,1.0,185
frankenlanguage628.csv_185,0.09090909090909091,1.0,185
frankenlanguage629.csv_185,0.9545454545454546,1.0,185
frankenlanguage63.csv_185,0.2857142857142857,1.0,185
frankenlanguage630.csv_185,0.13636363636363635,1.0,185
frankenlanguage631.csv_185,0.09090909090909091,1.0,185
frankenlanguage632.csv_185,0.09090909090909091,1.0,185
frankenlanguage633.csv_185,0.0,1.0,185
frankenlanguage634.csv_185,0.0,1.0,185
frankenlanguage635.csv_185,0.13636363636363635,1.0,185
frankenlanguage636.csv_185,0.045454545454545456,1.0,185
frankenlanguage637.csv_185,1.0,1.0,185
frankenlanguage639.csv_185,0.09090909090909091,1.0,185
frankenlanguage64.csv_185,0.09090909090909091,1.0,185
frankenlanguage641.csv_185,0.09090909090909091,0.5,185
frankenlanguage642.csv_185,1.0,1.0,185
frankenlanguage644.csv_185,0.045454545454545456,1.0,185
frankenlanguage645.csv_185,0.9545454545454546,1.0,185
frankenlanguage646.csv_185,0.09090909090909091,1.0,185
frankenlanguage647.csv_185,1.0,1.0,185
frankenlanguage65.csv_185,0.5833333333333334,1.0,185
frankenlanguage651.csv_185,0.09090909090909091,1.0,185
frankenlanguage652.csv_185,1.0,1.0,185
frankenlanguage653.csv_185,0.5,0.5,185
frankenlanguage654.csv_185,0.5833333333333334,1.0,185
frankenlanguage655.csv_185,0.09090909090909091,1.0,185
frankenlanguage656.csv_185,0.13636363636363635,1.0,185
frankenlanguage657.csv_185,0.045454545454545456,0.5,185
frankenlanguage658.csv_185,1.0,1.0,185
frankenlanguage659.csv_185,1.0,1.0,185
frankenlanguage66.csv_185,1.0,1.0,185
frankenlanguage660.csv_185,0.5,1.0,185
frankenlanguage661.csv_185,0.09090909090909091,1.0,185
frankenlanguage662.csv_185,1.0,1.0,185
frankenlanguage663.csv_185,0.09090909090909091,1.0,185
frankenlanguage664.csv_185,1.0,1.0,185
frankenlanguage665.csv_185,0.09090909090909091,1.0,185
frankenlanguage666.csv_185,1.0,1.0,185
frankenlanguage667.csv_185,0.09090909090909091,1.0,185
frankenlanguage668.csv_185,0.09090909090909091,1.0,185
frankenlanguage669.csv_185,0.9545454545454546,1.0,185
frankenlanguage67.csv_185,0.09090909090909091,1.0,185
frankenlanguage670.csv_185,1.0,1.0,185
frankenlanguage671.csv_185,0.09090909090909091,1.0,185
frankenlanguage672.csv_185,0.09090909090909091,1.0,185
frankenlanguage673.csv_185,0.09090909090909091,1.0,185
frankenlanguage674.csv_185,0.0,1.0,185
frankenlanguage675.csv_185,1.0,1.0,185
frankenlanguage677.csv_185,0.5,1.0,185
frankenlanguage678.csv_185,0.5,1.0,185
frankenlanguage679.csv_185,0.5,1.0,185
frankenlanguage68.csv_185,0.5,1.0,185
frankenlanguage681.csv_185,0.09090909090909091,1.0,185
frankenlanguage683.csv_185,0.9545454545454546,1.0,185
frankenlanguage684.csv_185,0.13636363636363635,1.0,185
frankenlanguage685.csv_185,0.5,1.0,185
frankenlanguage686.csv_185,1.0,1.0,185
frankenlanguage687.csv_185,0.5833333333333334,1.0,185
frankenlanguage688.csv_185,0.0,1.0,185
frankenlanguage689.csv_185,0.0,1.0,185
frankenlanguage690.csv_185,1.0,1.0,185
frankenlanguage692.csv_185,0.13636363636363635,1.0,185
frankenlanguage694.csv_185,0.09090909090909091,1.0,185
frankenlanguage695.csv_185,0.0,1.0,185
frankenlanguage696.csv_185,0.09090909090909091,1.0,185
frankenlanguage697.csv_185,0.9545454545454546,1.0,185
frankenlanguage698.csv_185,0.09090909090909091,1.0,185
frankenlanguage699.csv_185,1.0,1.0,185
frankenlanguage7.csv_185,1.0,1.0,185
frankenlanguage700.csv_185,0.09090909090909091,1.0,185
frankenlanguage701.csv_185,0.13636363636363635,1.0,185
frankenlanguage702.csv_185,0.5833333333333334,1.0,185
frankenlanguage703.csv_185,0.0,1.0,185
frankenlanguage704.csv_185,0.09090909090909091,1.0,185
frankenlanguage705.csv_185,0.5833333333333334,1.0,185
frankenlanguage706.csv_185,1.0,1.0,185
frankenlanguage707.csv_185,0.5,1.0,185
frankenlanguage708.csv_185,0.5833333333333334,1.0,185
frankenlanguage710.csv_185,0.0,0.5,185
frankenlanguage711.csv_185,0.045454545454545456,1.0,185
frankenlanguage713.csv_185,0.2857142857142857,1.0,185
frankenlanguage714.csv_185,1.0,1.0,185
frankenlanguage715.csv_185,0.045454545454545456,1.0,185
frankenlanguage716.csv_185,1.0,1.0,185
frankenlanguage717.csv_185,0.09090909090909091,1.0,185
frankenlanguage718.csv_185,1.0,1.0,185
frankenlanguage719.csv_185,0.09090909090909091,1.0,185
frankenlanguage721.csv_185,1.0,1.0,185
frankenlanguage722.csv_185,0.09090909090909091,1.0,185
frankenlanguage726.csv_185,0.0,1.0,185
frankenlanguage727.csv_185,0.09090909090909091,1.0,185
frankenlanguage728.csv_185,0.13636363636363635,1.0,185
frankenlanguage73.csv_185,1.0,1.0,185
frankenlanguage733.csv_185,1.0,1.0,185
frankenlanguage734.csv_185,0.09090909090909091,1.0,185
frankenlanguage735.csv_185,1.0,1.0,185
frankenlanguage736.csv_185,1.0,1.0,185
frankenlanguage737.csv_185,0.5833333333333334,1.0,185
frankenlanguage738.csv_185,1.0,1.0,185
frankenlanguage74.csv_185,1.0,1.0,185
frankenlanguage740.csv_185,1.0,1.0,185
frankenlanguage741.csv_185,0.5,1.0,185
frankenlanguage742.csv_185,0.9545454545454546,1.0,185
frankenlanguage743.csv_185,0.09090909090909091,1.0,185
frankenlanguage744.csv_185,0.09090909090909091,1.0,185
frankenlanguage745.csv_185,0.2857142857142857,1.0,185
frankenlanguage746.csv_185,0.5,1.0,185
frankenlanguage747.csv_185,0.09090909090909091,1.0,185
frankenlanguage749.csv_185,0.2857142857142857,1.0,185
frankenlanguage75.csv_185,1.0,1.0,185
frankenlanguage751.csv_185,0.9545454545454546,1.0,185
frankenlanguage752.csv_185,0.09090909090909091,1.0,185
frankenlanguage754.csv_185,0.045454545454545456,1.0,185
frankenlanguage757.csv_185,1.0,1.0,185
frankenlanguage759.csv_185,1.0,0.5,185
frankenlanguage760.csv_185,0.2857142857142857,1.0,185
frankenlanguage761.csv_185,0.0,1.0,185
frankenlanguage762.csv_185,0.09090909090909091,1.0,185
frankenlanguage763.csv_185,0.0,1.0,185
frankenlanguage765.csv_185,0.045454545454545456,1.0,185
frankenlanguage766.csv_185,1.0,1.0,185
frankenlanguage767.csv_185,0.5,1.0,185
frankenlanguage768.csv_185,1.0,1.0,185
frankenlanguage769.csv_185,1.0,1.0,185
frankenlanguage77.csv_185,0.09090909090909091,1.0,185
frankenlanguage771.csv_185,0.5833333333333334,1.0,185
frankenlanguage772.csv_185,0.09090909090909091,1.0,185
frankenlanguage773.csv_185,0.13636363636363635,1.0,185
frankenlanguage774.csv_185,0.09090909090909091,1.0,185
frankenlanguage776.csv_185,0.09090909090909091,1.0,185
frankenlanguage778.csv_185,0.09090909090909091,1.0,185
frankenlanguage779.csv_185,0.09090909090909091,1.0,185
frankenlanguage78.csv_185,1.0,1.0,185
frankenlanguage781.csv_185,1.0,1.0,185
frankenlanguage782.csv_185,1.0,1.0,185
frankenlanguage785.csv_185,0.2857142857142857,1.0,185
frankenlanguage787.csv_185,1.0,1.0,185
frankenlanguage788.csv_185,0.5833333333333334,1.0,185
frankenlanguage789.csv_185,0.09090909090909091,1.0,185
frankenlanguage79.csv_185,0.09090909090909091,1.0,185
frankenlanguage790.csv_185,0.5,1.0,185
frankenlanguage791.csv_185,1.0,1.0,185
frankenlanguage792.csv_185,0.045454545454545456,1.0,185
frankenlanguage795.csv_185,1.0,1.0,185
frankenlanguage796.csv_185,0.2857142857142857,1.0,185
frankenlanguage797.csv_185,0.2857142857142857,1.0,185
frankenlanguage799.csv_185,1.0,0.5,185
frankenlanguage8.csv_185,0.09090909090909091,1.0,185
frankenlanguage80.csv_185,0.09090909090909091,1.0,185
frankenlanguage800.csv_185,0.13636363636363635,1.0,185
frankenlanguage801.csv_185,0.09090909090909091,0.5,185
frankenlanguage802.csv_185,0.09090909090909091,1.0,185
frankenlanguage803.csv_185,0.9545454545454546,1.0,185
frankenlanguage804.csv_185,1.0,1.0,185
frankenlanguage806.csv_185,0.5833333333333334,1.0,185
frankenlanguage807.csv_185,0.09090909090909091,1.0,185
frankenlanguage808.csv_185,1.0,1.0,185
frankenlanguage809.csv_185,1.0,1.0,185
frankenlanguage81.csv_185,0.09090909090909091,1.0,185
frankenlanguage810.csv_185,0.2857142857142857,1.0,185
frankenlanguage811.csv_185,0.09090909090909091,1.0,185
frankenlanguage812.csv_185,0.09090909090909091,1.0,185
frankenlanguage813.csv_185,0.13636363636363635,1.0,185
frankenlanguage815.csv_185,0.2857142857142857,1.0,185
frankenlanguage816.csv_185,0.09090909090909091,1.0,185
frankenlanguage817.csv_185,0.09090909090909091,1.0,185
frankenlanguage818.csv_185,1.0,1.0,185
frankenlanguage819.csv_185,1.0,1.0,185
frankenlanguage82.csv_185,0.09090909090909091,0.5,185
frankenlanguage820.csv_185,1.0,1.0,185
frankenlanguage821.csv_185,0.045454545454545456,1.0,185
frankenlanguage822.csv_185,0.09090909090909091,1.0,185
frankenlanguage823.csv_185,0.09090909090909091,1.0,185
frankenlanguage824.csv_185,0.2857142857142857,1.0,185
frankenlanguage826.csv_185,0.045454545454545456,1.0,185
frankenlanguage827.csv_185,0.13636363636363635,1.0,185
frankenlanguage828.csv_185,0.045454545454545456,1.0,185
frankenlanguage83.csv_185,0.045454545454545456,1.0,185
frankenlanguage832.csv_185,0.09090909090909091,1.0,185
frankenlanguage834.csv_185,0.09090909090909091,1.0,185
frankenlanguage836.csv_185,0.9545454545454546,1.0,185
frankenlanguage837.csv_185,0.0,1.0,185
frankenlanguage838.csv_185,0.09090909090909091,1.0,185
frankenlanguage839.csv_185,1.0,1.0,185
frankenlanguage84.csv_185,0.09090909090909091,1.0,185
frankenlanguage840.csv_185,0.5,1.0,185
frankenlanguage841.csv_185,0.09090909090909091,1.0,185
frankenlanguage842.csv_185,0.0,1.0,185
frankenlanguage843.csv_185,1.0,1.0,185
frankenlanguage844.csv_185,0.09090909090909091,1.0,185
frankenlanguage845.csv_185,1.0,1.0,185
frankenlanguage847.csv_185,0.09090909090909091,1.0,185
frankenlanguage848.csv_185,0.09090909090909091,1.0,185
frankenlanguage849.csv_185,0.09090909090909091,1.0,185
frankenlanguage85.csv_185,0.09090909090909091,1.0,185
frankenlanguage850.csv_185,0.09090909090909091,1.0,185
frankenlanguage851.csv_185,0.13636363636363635,1.0,185
frankenlanguage853.csv_185,1.0,1.0,185
frankenlanguage854.csv_185,0.0,1.0,185
frankenlanguage855.csv_185,0.09090909090909091,1.0,185
frankenlanguage856.csv_185,1.0,1.0,185
frankenlanguage857.csv_185,1.0,1.0,185
frankenlanguage858.csv_185,1.0,1.0,185
frankenlanguage859.csv_185,0.09090909090909091,1.0,185
frankenlanguage86.csv_185,0.09090909090909091,1.0,185
frankenlanguage860.csv_185,0.0,1.0,185
frankenlanguage861.csv_185,1.0,1.0,185
frankenlanguage862.csv_185,1.0,1.0,185
frankenlanguage863.csv_185,1.0,0.5,185
frankenlanguage865.csv_185,1.0,1.0,185
frankenlanguage866.csv_185,0.09090909090909091,1.0,185
frankenlanguage867.csv_185,0.09090909090909091,1.0,185
frankenlanguage869.csv_185,0.09090909090909091,1.0,185
frankenlanguage87.csv_185,0.09090909090909091,1.0,185
frankenlanguage870.csv_185,1.0,1.0,185
frankenlanguage871.csv_185,1.0,1.0,185
frankenlanguage872.csv_185,1.0,1.0,185
frankenlanguage873.csv_185,1.0,1.0,185
frankenlanguage874.csv_185,1.0,1.0,185
frankenlanguage875.csv_185,0.09090909090909091,1.0,185
frankenlanguage876.csv_185,1.0,1.0,185
frankenlanguage877.csv_185,1.0,1.0,185
frankenlanguage878.csv_185,0.045454545454545456,1.0,185
frankenlanguage879.csv_185,0.09090909090909091,1.0,185
frankenlanguage88.csv_185,1.0,1.0,185
frankenlanguage880.csv_185,1.0,1.0,185
frankenlanguage881.csv_185,1.0,1.0,185
frankenlanguage882.csv_185,0.09090909090909091,1.0,185
frankenlanguage883.csv_185,0.045454545454545456,1.0,185
frankenlanguage884.csv_185,0.09090909090909091,1.0,185
frankenlanguage885.csv_185,0.09090909090909091,1.0,185
frankenlanguage887.csv_185,0.09090909090909091,1.0,185
frankenlanguage889.csv_185,1.0,1.0,185
frankenlanguage89.csv_185,0.5,0.5,185
frankenlanguage890.csv_185,0.09090909090909091,1.0,185
frankenlanguage891.csv_185,1.0,1.0,185
frankenlanguage892.csv_185,0.09090909090909091,1.0,185
frankenlanguage893.csv_185,1.0,1.0,185
frankenlanguage896.csv_185,0.5,1.0,185
frankenlanguage897.csv_185,0.0,1.0,185
frankenlanguage898.csv_185,1.0,1.0,185
frankenlanguage899.csv_185,0.09090909090909091,1.0,185
frankenlanguage90.csv_185,1.0,1.0,185
frankenlanguage900.csv_185,0.9545454545454546,1.0,185
frankenlanguage902.csv_185,0.09090909090909091,1.0,185
frankenlanguage903.csv_185,0.09090909090909091,1.0,185
frankenlanguage904.csv_185,0.5833333333333334,1.0,185
frankenlanguage905.csv_185,0.09090909090909091,1.0,185
frankenlanguage906.csv_185,0.045454545454545456,1.0,185
frankenlanguage907.csv_185,0.5,1.0,185
frankenlanguage908.csv_185,1.0,1.0,185
frankenlanguage91.csv_185,1.0,1.0,185
frankenlanguage911.csv_185,0.5833333333333334,1.0,185
frankenlanguage912.csv_185,1.0,0.5,185
frankenlanguage914.csv_185,1.0,1.0,185
frankenlanguage915.csv_185,0.09090909090909091,1.0,185
frankenlanguage916.csv_185,0.09090909090909091,1.0,185
frankenlanguage917.csv_185,0.13636363636363635,1.0,185
frankenlanguage919.csv_185,1.0,1.0,185
frankenlanguage920.csv_185,0.09090909090909091,1.0,185
frankenlanguage921.csv_185,1.0,1.0,185
frankenlanguage922.csv_185,0.09090909090909091,1.0,185
frankenlanguage923.csv_185,0.9545454545454546,1.0,185
frankenlanguage924.csv_185,1.0,1.0,185
frankenlanguage925.csv_185,0.5833333333333334,1.0,185
frankenlanguage926.csv_185,0.5833333333333334,1.0,185
frankenlanguage927.csv_185,0.09090909090909091,1.0,185
frankenlanguage928.csv_185,0.9545454545454546,1.0,185
frankenlanguage929.csv_185,0.9545454545454546,1.0,185
frankenlanguage93.csv_185,1.0,1.0,185
frankenlanguage930.csv_185,0.09090909090909091,1.0,185
frankenlanguage931.csv_185,1.0,1.0,185
frankenlanguage932.csv_185,0.09090909090909091,1.0,185
frankenlanguage934.csv_185,0.2857142857142857,1.0,185
frankenlanguage936.csv_185,1.0,1.0,185
frankenlanguage937.csv_185,0.09090909090909091,1.0,185
frankenlanguage938.csv_185,1.0,1.0,185
frankenlanguage939.csv_185,1.0,1.0,185
frankenlanguage940.csv_185,0.09090909090909091,1.0,185
frankenlanguage941.csv_185,0.09090909090909091,1.0,185
frankenlanguage943.csv_185,0.09090909090909091,1.0,185
frankenlanguage945.csv_185,0.09090909090909091,1.0,185
frankenlanguage946.csv_185,1.0,1.0,185
frankenlanguage947.csv_185,1.0,1.0,185
frankenlanguage948.csv_185,0.09090909090909091,1.0,185
frankenlanguage949.csv_185,1.0,1.0,185
frankenlanguage95.csv_185,0.09090909090909091,1.0,185
frankenlanguage950.csv_185,0.09090909090909091,0.5,185
frankenlanguage951.csv_185,0.09090909090909091,1.0,185
frankenlanguage952.csv_185,1.0,1.0,185
frankenlanguage953.csv_185,0.0,0.5,185
frankenlanguage954.csv_185,1.0,1.0,185
frankenlanguage955.csv_185,1.0,1.0,185
frankenlanguage956.csv_185,1.0,1.0,185
frankenlanguage959.csv_185,1.0,0.5,185
frankenlanguage960.csv_185,1.0,1.0,185
frankenlanguage961.csv_185,1.0,1.0,185
frankenlanguage962.csv_185,1.0,1.0,185
frankenlanguage963.csv_185,1.0,1.0,185
frankenlanguage964.csv_185,0.0,1.0,185
frankenlanguage965.csv_185,0.5833333333333334,0.5,185
frankenlanguage966.csv_185,1.0,1.0,185
frankenlanguage968.csv_185,0.09090909090909091,1.0,185
frankenlanguage969.csv_185,1.0,1.0,185
frankenlanguage97.csv_185,1.0,1.0,185
frankenlanguage970.csv_185,1.0,1.0,185
frankenlanguage971.csv_185,0.5833333333333334,1.0,185
frankenlanguage972.csv_185,0.09090909090909091,1.0,185
frankenlanguage973.csv_185,0.09090909090909091,1.0,185
frankenlanguage974.csv_185,0.09090909090909091,1.0,185
frankenlanguage975.csv_185,1.0,1.0,185
frankenlanguage976.csv_185,1.0,1.0,185
frankenlanguage978.csv_185,0.09090909090909091,0.5,185
frankenlanguage979.csv_185,0.13636363636363635,1.0,185
frankenlanguage98.csv_185,0.9545454545454546,1.0,185
frankenlanguage980.csv_185,0.09090909090909091,1.0,185
frankenlanguage982.csv_185,0.2857142857142857,1.0,185
frankenlanguage983.csv_185,1.0,0.5,185
frankenlanguage986.csv_185,0.09090909090909091,1.0,185
frankenlanguage987.csv_185,0.9545454545454546,1.0,185
frankenlanguage988.csv_185,0.09090909090909091,1.0,185
frankenlanguage989.csv_185,0.2857142857142857,1.0,185
frankenlanguage990.csv_185,1.0,1.0,185
frankenlanguage991.csv_185,0.9545454545454546,0.5,185
frankenlanguage992.csv_185,1.0,1.0,185
frankenlanguage994.csv_185,0.0,1.0,185
frankenlanguage995.csv_185,0.09090909090909091,1.0,185
frankenlanguage996.csv_185,0.13636363636363635,1.0,185
frankenlanguage997.csv_185,1.0,1.0,185
frankenlanguage999.csv_185,0.13636363636363635,1.0,185
